32768
33339.88045
33911.58671
34482.94461
35053.78013
35623.91938
36193.18868
36761.41464
37328.42417
37894.04455
38458.10349
39020.42916
39580.85028
40139.19615
40695.29668
41248.98247
41800.08488
42348.43602
42893.86887
43436.21729
43975.31606
44511.00097
45043.10885
45571.47762
46095.94632
46616.3552
47132.54574
47644.3607
48151.64417
48654.24164
49152
49644.76764
50132.39445
50614.7319
51091.63306
51562.95267
52028.54715
52488.27468
52941.99522
53389.57057
53830.86439
54265.74226
54694.07171
55115.72226
55530.56548
55938.47501
56339.32658
56732.99809
57119.36964
57498.32352
57869.74431
58233.51887
58589.53637
58937.68839
59277.86887
59609.97419
59933.90318
60249.55717
60556.84001
60855.65811
61145.92043
61427.53856
61700.42672
61964.50178
62219.68331
62465.89357
62703.05756
62931.10304
63149.96055
63359.56342
63559.8478
63750.75269
63932.21993
64104.19424
64266.62325
64419.45748
64562.65036
64696.15828
64819.94058
64933.95955
65038.18045
65132.57154
65217.10408
65291.7523
65356.49347
65411.30787
65456.1788
65491.09259
65516.03862
65531.00927
65536
65531.00927
65516.03862
65491.09259
65456.1788
65411.30787
65356.49347
65291.7523
65217.10408
65132.57154
65038.18045
64933.95955
64819.94058
64696.15828
64562.65036
64419.45748
64266.62325
64104.19424
63932.21993
63750.75269
63559.8478
63359.56342
63149.96055
62931.10304
62703.05756
62465.89357
62219.68331
61964.50178
61700.42672
61427.53856
61145.92043
60855.65811
60556.84001
60249.55717
59933.90318
59609.97419
59277.86887
58937.68839
58589.53637
58233.51887
57869.74431
57498.32352
57119.36964
56732.99809
56339.32658
55938.47501
55530.56548
55115.72226
54694.07171
54265.74226
53830.86439
53389.57057
52941.99522
52488.27468
52028.54715
51562.95267
51091.63306
50614.7319
50132.39445
49644.76764
49152
48654.24164
48151.64417
47644.3607
47132.54574
46616.3552
46095.94632
45571.47762
45043.10885
44511.00097
43975.31606
43436.21729
42893.86887
42348.43602
41800.08488
41248.98247
40695.29668
40139.19615
39580.85028
39020.42916
38458.10349
37894.04455
37328.42417
36761.41464
36193.18868
35623.91938
35053.78013
34482.94461
33911.58671
33339.88045
32768
32196.11955
31624.41329
31053.05539
30482.21987
29912.08062
29342.81132
28774.58536
28207.57583
27641.95545
27077.89651
26515.57084
25955.14972
25396.80385
24840.70332
24287.01753
23735.91512
23187.56398
22642.13113
22099.78271
21560.68394
21024.99903
20492.89115
19964.52238
19440.05368
18919.6448
18403.45426
17891.6393
17384.35583
16881.75836
16384
15891.23236
15403.60555
14921.2681
14444.36694
13973.04733
13507.45285
13047.72532
12594.00478
12146.42943
11705.13561
11270.25774
10841.92829
10420.27774
10005.43452
9597.524994
9196.673423
8803.001905
8416.630359
8037.676475
7666.255688
7302.481135
6946.463626
6598.311607
6258.131128
5926.025813
5602.096823
5286.44283
4979.159985
4680.341891
4390.079569
4108.461436
3835.573277
3571.498215
3316.316691
3070.106434
2832.942444
2604.896962
2386.039454
2176.436585
1976.152202
1785.247315
1603.780074
1431.805757
1269.376747
1116.542524
973.3496414
839.8417171
716.0594192
602.0404528
497.8195493
403.4284554
318.8959235
244.247703
179.5065326
124.6921329
79.82120109
44.90740516
19.96138024
4.990725115
0
4.990725115
19.96138024
44.90740516
79.82120109
124.6921329
179.5065326
244.247703
318.8959235
403.4284554
497.8195493
602.0404528
716.0594192
839.8417171
973.3496414
1116.542524
1269.376747
1431.805757
1603.780074
1785.247315
1976.152202
2176.436585
2386.039454
2604.896962
2832.942444
3070.106434
3316.316691
3571.498215
3835.573277
4108.461436
4390.079569
4680.341891
4979.159985
5286.44283
5602.096823
5926.025813
6258.131128
6598.311607
6946.463626
7302.481135
7666.255688
8037.676475
8416.630359
8803.001905
9196.673423
9597.524994
10005.43452
10420.27774
10841.92829
11270.25774
11705.13561
12146.42943
12594.00478
13047.72532
13507.45285
13973.04733
14444.36694
14921.2681
15403.60555
15891.23236
16384
16881.75836
17384.35583
17891.6393
18403.45426
18919.6448
19440.05368
19964.52238
20492.89115
21024.99903
21560.68394
22099.78271
22642.13113
23187.56398
23735.91512
24287.01753
24840.70332
25396.80385
25955.14972
26515.57084
27077.89651
27641.95545
28207.57583
28774.58536
29342.81132
29912.08062
30482.21987
31053.05539
31624.41329
32196.11955
